1 6

f: 528.583788
g: 0 
h: 6.66273e-05 6.67529e-07 4.55922e-05 6.01112e-05 -3.91725e-06 3.91725e-06 


f: 1202.262421
g: 0 
h: -7.50322e-05 1.65467e-05 -4.22636e-05 6.91542e-05 9.34107e-05 -9.34107e-05 


f: 134.924120
g: 0 
h: 7.65189e-05 3.88652e-05 -1.80789e-05 3.27342e-05 5.86076e-05 -5.86076e-05 


f: 164.878304
g: 0 
h: 5.39902e-05 -6.8976e-05 4.12855e-05 -5.96899e-05 4.02622e-05 -4.02622e-05 


f: 117.270183
g: 0 
h: -5.24442e-05 -7.77644e-05 -6.4514e-05 -6.5376e-05 -7.22673e-06 7.22673e-06 


f: 120.582191
g: 0 
h: -1.54495e-05 7.12758e-05 -9.4697e-05 -3.78728e-05 7.87536e-06 -7.87536e-06 


f: 289.693205
g: 0 
h: -5.20679e-05 -7.86292e-05 1.82753e-05 7.87227e-05 -6.78307e-05 6.78307e-05 


f: 157.542423
g: 0 
h: 9.13328e-05 7.70588e-05 5.19114e-05 -3.70713e-05 7.57401e-05 -7.57401e-05 


f: 96.961228
g: 0 
h: 1.71906e-05 -7.25023e-05 -2.35586e-05 1.07342e-05 -2.22516e-05 2.22516e-05 


f: 122.608089
g: 0 
h: -5.93636e-05 -5.73849e-05 -3.90986e-05 -5.20647e-05 -9.95848e-05 9.95848e-05 


f: 184.607800
g: 0 
h: 8.80601e-06 8.00766e-06 -5.88641e-06 -7.21981e-05 5.91673e-06 -5.91673e-06 


f: 167.572145
g: 0 
h: 3.51912e-05 3.34351e-06 4.62669e-06 -2.78579e-05 -3.26909e-05 3.26909e-05 


f: 179.531686
g: 0 
h: -8.45049e-05 1.21669e-05 -5.8626e-05 9.29003e-05 -3.79149e-05 3.79149e-05 


f: 156.718934
g: 0 
h: -4.78218e-05 6.3952e-05 -5.60867e-05 -4.24733e-05 -9.2928e-05 9.2928e-05 


f: 630.131486
g: 0 
h: -6.19574e-05 5.706e-05 -1.23319e-05 -4.31363e-05 5.50896e-05 -5.50896e-05 


f: 107.038848
g: 0 
h: -5.95992e-06 1.20731e-06 8.17963e-05 -9.31481e-05 7.77675e-05 -7.77675e-05 


f: 239.298458
g: 0 
h: -1.70282e-05 -9.94702e-05 5.13605e-05 8.33418e-05 -7.16796e-05 7.16796e-05 


f: 141.069398
g: 0 
h: 6.02623e-05 -8.56827e-05 -1.57477e-05 -7.26377e-05 -9.94409e-05 9.94409e-05 


f: 149.470838
g: 0 
h: -9.01547e-05 -1.93221e-05 5.34517e-05 -2.75887e-05 1.05709e-05 -1.05709e-05 


f: 162.460798
g: 0 
h: 9.82957e-05 -3.05403e-05 8.40268e-05 9.64488e-05 9.18738e-05 -9.18738e-05 


f: 488.345709
g: 0 
h: 7.00438e-05 7.42064e-05 -8.80675e-05 -9.05583e-05 -9.21981e-05 9.21981e-05 


f: 836.113680
g: 0 
h: 1.30087e-05 -5.85482e-05 6.00628e-05 -6.33329e-05 3.6513e-05 -3.6513e-05 


f: 181.756634
g: 0 
h: 7.66506e-05 5.63593e-05 3.701e-05 -9.5479e-05 -4.24552e-05 4.24552e-05 


f: 253.240013
g: 0 
h: 4.84894e-05 -6.2276e-05 1.30371e-05 6.65676e-05 5.66336e-05 -5.66336e-05 


f: 97.736600
g: 0 
h: -1.07865e-05 -1.39892e-05 1.85599e-06 9.72466e-05 -6.14853e-05 6.14853e-05 

