1 6

f: 1087.563218
g: 0 
h: -0.325921 0.325921 0.160478 -0.16466 0.325921 -0.325921 


f: 566.950219
g: 0 
h: 0.0306824 0.0182719 0.0311544 -0.0309365 -0.0309244 0.0309244 


f: 421.793267
g: 0 
h: 0.0840476 -0.0840476 0.0839585 0.0840476 -0.0840476 0.0840476 


f: 1375.639594
g: 0 
h: 0.0160031 -0.0338081 0.0338085 0.0300621 0.0338087 -0.0338087 


f: 1614.123082
g: 0 
h: -0.168719 0.133138 -0.292852 -0.0888012 -0.289594 0.289594 


f: 1423.414487
g: 0 
h: 8.50709e-05 -5.36295e-05 5.67493e-05 -7.78921e-05 -2.49457e-06 2.49457e-06 


f: 1167.896472
g: 0 
h: -0.000279016 0.000288719 0.000312246 0.000302057 -0.000311584 0.000311584 


f: 150.118353
g: 0 
h: -1.1778e-05 -3.10855e-05 7.102e-05 6.93049e-05 2.70451e-05 -2.70451e-05 


f: 1532.908913
g: 0 
h: 0.00059977 0.000842279 -0.000581372 0.000272065 0.000842279 -0.000842279 


f: 174.346491
g: 0 
h: 0.183277 -0.183304 0.18331 0.183309 -0.0361009 0.0361009 


f: 147.853963
g: 0 
h: -0.00294285 0.00339867 -0.00536241 -0.00527811 -0.00538671 0.00538671 


f: 779.205751
g: 0 
h: -0.116575 -0.116386 -0.116565 0.0956072 -0.11658 0.11658 


f: 1242.522112
g: 0 
h: 0.165349 -0.594386 0.610231 -0.610221 -0.0171404 0.0171404 


f: 1536.310236
g: 0 
h: 0.099131 0.0899411 0.0993206 0.064011 0.100316 -0.100316 


f: 257.143497
g: 0 
h: 4.56349e-06 -3.15345e-05 -1.03714e-05 8.47982e-05 6.31234e-05 -6.31234e-05 


f: 1660.603674
g: 0 
h: -0.403975 0.0253124 -0.404593 0.462386 0.462624 -0.462624 


f: 1471.650076
g: 0 
h: 0.323724 0.327803 -0.327862 0.081103 -0.0820883 0.0820883 


f: 1626.840025
g: 0 
h: -0.162538 -0.128743 -0.162538 -0.162538 -0.162538 0.162538 


f: 1114.041652
g: 0 
h: -0.0452575 0.0408305 -0.0418008 -0.0288445 0.0444817 -0.0444817 


f: 2459.888563
g: 0 
h: 0.104874 0.0344962 -0.373539 0.373539 -0.183737 0.183737 


f: 1715.435164
g: 0 
h: -0.263413 0.0518013 0.207711 -0.11483 0.263413 -0.263413 


f: 143.465625
g: 0 
h: -0.24391 0.23598 0.240964 -0.00424932 -0.244227 0.244227 


f: 973.242368
g: 0 
h: 0.154441 0.154441 -0.154441 0.141265 -0.154441 0.154441 


f: 96.876222
g: 0 
h: -3.09103e-05 1.20169e-05 -9.75869e-05 7.9071e-05 6.8298e-05 -6.8298e-05 


f: 2298.007325
g: 0 
h: 0.102892 -0.099568 0.102892 0.102892 0.102892 -0.102892 

