1 6

f: 0.000000
g: 0 
h: -7.94033e-18 2.49453e-17 -4.57134e-09 4.57134e-09 3.19558e-13 -3.19558e-13 


f: 100.155030
g: 0 
h: 7.13749e-05 6.54361e-05 4.28041e-05 1.91243e-05 1.99578e-05 -1.99578e-05 


f: 0.000000
g: 0 
h: -1.07335e-17 3.37202e-17 5.72392e-10 -5.72392e-10 -1.51314e-14 1.51314e-14 


f: 82.088161
g: 0 
h: -4.97006e-05 1.01533e-05 -9.40987e-05 9.44516e-05 8.22356e-05 -8.22356e-05 


f: 76.280404
g: 0 
h: -7.22702e-05 -2.63923e-05 3.7485e-05 -3.39961e-05 -8.80096e-06 8.80096e-06 


f: 79.180568
g: 0 
h: 5.72619e-05 9.22072e-05 -6.78476e-05 8.67567e-05 1.65139e-06 -1.65139e-06 


f: 74.287347
g: 0 
h: -7.52038e-05 -3.94197e-05 -8.63448e-05 -5.65725e-05 -3.14854e-05 3.14854e-05 


f: 0.000000
g: 0 
h: -9.96396e-18 3.13027e-17 -5.5621e-11 5.5621e-11 -4.79889e-14 4.79889e-14 


f: 0.000000
g: 0 
h: -7.66673e-18 2.40857e-17 -5.00996e-11 5.00996e-11 -3.6292e-14 3.6292e-14 


f: 66.065683
g: 0 
h: 8.35012e-05 -9.04723e-05 7.38016e-06 -8.67723e-05 1.18801e-05 -1.18801e-05 


f: 57.612783
g: 0 
h: -0.327564 0.327562 0.327564 0.327564 0.327564 -0.327564 


f: 65.203989
g: 0 
h: -3.3393e-05 6.57889e-05 6.63595e-05 -9.28014e-06 -8.7784e-05 8.7784e-05 


f: 0.000000
g: 0 
h: -6.55076e-18 2.05798e-17 2.88357e-09 -2.88357e-09 -1.57598e-13 1.57598e-13 


f: 0.000000
g: 0 
h: -5.88061e-18 1.84745e-17 -1.00627e-09 1.00627e-09 8.919e-14 -8.919e-14 


f: 0.000000
g: 0 
h: -9.43302e-18 2.96347e-17 3.36448e-09 -3.36448e-09 -2.09376e-13 2.09376e-13 


f: 68.889547
g: 0 
h: 9.5195e-05 -7.60481e-05 -1.67081e-05 -2.5286e-05 4.52141e-05 -4.52141e-05 


f: 124.066111
g: 0 
h: -7.02265e-05 3.60031e-05 6.12166e-05 5.65101e-05 6.4411e-05 -6.4411e-05 


f: 66.720610
g: 0 
h: 1.7987e-05 2.34277e-06 3.67778e-05 9.70508e-05 -8.6645e-05 8.6645e-05 


f: 68.614219
g: 0 
h: 6.92062e-05 -7.19033e-05 -7.17029e-05 9.55539e-05 9.48032e-05 -9.48032e-05 


f: 68.509346
g: 0 
h: 5.28757e-05 -3.45878e-05 2.15737e-05 -4.42826e-06 5.19553e-05 -5.19553e-05 


f: 79.278234
g: 0 
h: -8.55819e-05 -5.08819e-05 -1.0814e-06 6.35606e-05 -8.77545e-05 8.77545e-05 


f: 0.000000
g: 0 
h: -1.30246e-17 4.09179e-17 4.0144e-09 -4.0144e-09 -3.17836e-13 3.17836e-13 


f: 77.857544
g: 0 
h: 9.54955e-06 3.00501e-05 1.74763e-05 -3.52939e-05 5.93121e-05 -5.93121e-05 


f: 72.383629
g: 0 
h: 3.63842e-05 1.44865e-05 -5.09144e-05 -2.57507e-05 1.53698e-05 -1.53698e-05 


f: 84.763510
g: 0 
h: -2.66083e-05 9.06736e-06 -9.72539e-05 -1.331e-05 5.34572e-05 -5.34572e-05 

