1 6

f: 124.613763
g: 0 
h: -0.524433 -0.0956958 -0.341403 -0.0768862 0.265581 -0.265581 


f: 120.768983
g: 0 
h: -0.148169 -0.223342 -0.000422268 -0.375176 0.480836 -0.480836 


f: 130.071350
g: 0 
h: 0.360042 -0.309375 -0.560675 0.353618 0.111257 -0.111257 


f: 134.292642
g: 0 
h: -0.262441 0.244541 0.141117 -0.103344 0.226833 -0.226833 


f: 134.459894
g: 0 
h: 0.13064 -0.356221 0.00784334 0.390189 0.423738 -0.423738 


f: 109.198536
g: 0 
h: -0.0630673 0.222664 0.0358237 0.255633 0.0401129 -0.0401129 


f: 114.478934
g: 0 
h: 0.233661 0.264578 -0.229582 0.098516 -0.162219 0.162219 


f: 174.680506
g: 0 
h: -0.26405 -0.129497 0.0198175 0.113782 -0.0719372 0.0719372 


f: 104.830219
g: 0 
h: 0.0355106 0.265417 -0.447948 0.223327 -0.0955323 0.0955323 


f: 120.044357
g: 0 
h: -0.255587 0.20767 0.535793 0.445093 0.432201 -0.432201 


f: 129.809667
g: 0 
h: -0.303144 -0.131021 -0.00871292 0.0719945 0.444524 -0.444524 


f: 162.233353
g: 0 
h: -0.287581 0.0879943 0.184712 0.227516 0.0140137 -0.0140137 


f: 144.749929
g: 0 
h: 0.0445516 -0.456794 0.401793 -0.155968 -0.276584 0.276584 


f: 118.646984
g: 0 
h: -0.223814 -0.552761 -0.477353 0.451544 -0.526118 0.526118 


f: 134.121657
g: 0 
h: 0.266455 0.0809472 0.27597 -0.255644 0.300291 -0.300291 


f: 170.378310
g: 0 
h: -0.450021 0.00498031 0.0239965 -0.205655 0.168123 -0.168123 


f: 92.112335
g: 0 
h: 0.127109 -0.296156 0.109269 -0.298999 -0.0141098 0.0141098 


f: 121.838588
g: 0 
h: -0.299003 0.178689 -0.385879 0.163325 0.232624 -0.232624 


f: 191.244822
g: 0 
h: -0.356169 -0.0475921 -0.465879 0.370536 -0.18425 0.18425 


f: 128.227709
g: 0 
h: -0.184536 -0.271477 -0.055636 0.186807 -0.152646 0.152646 


f: 106.778979
g: 0 
h: -0.109705 -0.184797 -0.276032 0.0642125 0.3611 -0.3611 


f: 172.801100
g: 0 
h: -0.169317 -0.173206 -0.0170393 0.251864 -0.12938 0.12938 


f: 165.763826
g: 0 
h: 0.0216546 -0.266572 0.153871 0.0837325 0.218533 -0.218533 


f: 137.911211
g: 0 
h: -0.376174 -0.129577 0.224748 0.383293 0.377332 -0.377332 


f: 109.967308
g: 0 
h: 0.0542697 -0.336259 -0.0201652 0.326501 0.172804 -0.172804 

