1 6

f: 97.387957
g: 0 
h: -0.00997918 0.242928 -0.193907 0.182702 0.201653 -0.201653 

f: 153.364744
g: 0 
h: 0.101537 -0.348334 0.223108 0.226233 -0.106841 0.106841 

f: 128.580560
g: 0 
h: 0.0887971 -0.28654 -0.145643 0.0138772 0.234616 -0.234616 

f: 110.281141
g: 0 
h: 0.020055 -0.101643 -0.157922 -0.171952 0.143799 -0.143799 

f: 190.692048
g: 0 
h: 0.0203653 0.224251 -0.127096 -0.106283 0.103111 -0.103111 

f: 93.093372
g: 0 
h: -0.406629 -0.314249 0.033404 0.0932473 -0.166162 0.166162 

f: 96.213282
g: 0 
h: 0.237007 -0.31091 0.219689 -0.0940329 -0.0639688 0.0639688 

f: 108.776475
g: 0 
h: 0.0192782 0.442378 0.0515708 -0.161553 0.386152 -0.386152 

f: 166.114082
g: 0 
h: -0.15702 0.232073 -0.278365 0.0240615 -0.11196 0.11196 

f: 119.016309
g: 0 
h: -0.28315 0.272301 -0.143012 -0.309846 0.295279 -0.295279 

f: 169.509521
g: 0 
h: 0.112421 0.104309 0.26657 -0.16264 -0.00699929 0.00699929 

f: 160.683109
g: 0 
h: 0.0971461 -0.128015 0.0351374 -0.270581 0.22719 -0.22719 

f: 164.547642
g: 0 
h: 0.0889294 0.175463 -0.0698247 0.213994 0.196142 -0.196142 

f: 196.651176
g: 0 
h: 0.146502 -0.148999 -0.0400913 -0.260145 -0.300974 0.300974 

f: 128.967309
g: 0 
h: 0.234178 -0.200405 0.236481 0.257564 0.177968 -0.177968 

f: 117.649037
g: 0 
h: 0.0461955 -0.0405764 0.017194 0.215389 -0.257324 0.257324 

f: 138.342173
g: 0 
h: -0.273789 -0.278229 0.128675 -0.468284 0.333148 -0.333148 

f: 116.701039
g: 0 
h: -0.247464 -0.147982 0.132785 -0.203486 -0.19666 0.19666 

f: 102.398472
g: 0 
h: -0.31675 -0.161643 -0.124024 0.239561 -0.322593 0.322593 

f: 139.900550
g: 0 
h: -0.031119 -0.119088 -0.0996425 -0.219224 0.0802219 -0.0802219 

f: 97.322602
g: 0 
h: -0.365162 0.0689544 0.156938 0.208002 0.273598 -0.273598 

f: 143.444551
g: 0 
h: -0.335911 -0.126311 -0.119821 -0.161459 -0.0251594 0.0251594 

f: 101.873736
g: 0 
h: -0.31679 0.303582 0.15788 0.338923 -0.312517 0.312517 

f: 180.464241
g: 0 
h: 0.0193098 0.323029 -0.251797 -0.198448 -0.22742 0.22742 

f: 99.701302
g: 0 
h: -0.207846 -0.241327 0.230525 -0.257773 -0.0585988 0.0585988 

